nmoovs 1011 mmo mutu I‘ND 1111101111 1111580 zv 11011118 anselmum«. 605

111111· 11111111 111 111 111111 111 11 11111111,’1111111111 11111111.
111111111111111111111111111, Ε1111111111111111111 1111, 111 1111 111111111
11111 1111 1111 1111111. uun 1111111111 111 11111111, 111 111111 1111111 1111-
111 11111111111 1111111111 111111 111111 11111, 111 mid, 11111111 111 mit 1111111111,

11111111111111 111111111111111111, id) 111111 1111 11111111 11111 11111111, 1111
111111) 111111 111 1111111111 1111111 1111111111 1111111,111111 111 1111111111111111-
1111 11, 111 111 111111 1111,11111111111111, 111 11111111 1111 1111111111111 111111,
11111 1111111 111 111 1111111111,1111 11111 1111111111111111

11111 11111111 11111 11, 11 111 1111111 11111111 1111111111111111, 1111111111.

1111111111) 1111, 111111111111111 11111, 111 111 111111 11111111 1111111111.
ff Mum 1111111111 1111 111111 111111 11111111 111111, 1111111 11111 111·
111 111 111111, 11111111, 1111111111111, 111 111111 111 111111111 111111 111111
11111111111, 11111 11111111111111111111 1111111111 11111111, 1111 1111111111 111
11111111111111111111. 11111 1111111111 111111 11111 1111111 11111, 11111 1111111

1111111111 11111111, 111) 111 1111 1111111 111 11111. Q> 3111 111 111111 hid) 111
1111111111, 1111111111111111111111 111 111 11111111111 11 11111111111111111-
11111, 1111 111 1111111111 1111111111111111111111 1111 111 111 111111111111
111111111111111, 111 1111 111111111111111111 11111 11111111 111 1111111111 1111,
1111111111111 1111111 1111111 111 1111111111 1111 111111 1111111111 1111111 111 11-

1111111111 1111111111 111 11111 11111 11111111. &s 1111111111 111111 1111 111, 111111.
1111 11111111 11 111111111111111, 111111111111 111 11111111 11111 111, 111 11111
1111111111, 1111 11111111 1111111, 11 11 111 11 11111111 1111 1111111111111111
1111111111 11111111 111, 111111 111 1111111111 1111111111111, 111 11111111
11111111 11111111 1111111111,111 111111 11111111 111111111 11111, 11 111111111111

111111 1111111, 111 11 11 111111 1111 111111 111111111111. 3111111111111111
111 1111111111 111 11111111111111, 1111111111111111) 11111111 1111 1111111111 1111
1111 11111111 81111, 3111111, 1111 11111111 1111, 1111 111, 111 1111111 11-
11111111111111111111111111111, 111 111 111111 uid> 111111. 1111 111111 11111.
1111111111 1111111111111111111111111 111 1111 1111, 1111 11111 11111 1111111

1111111111 1111 13111111 111111, 1111 111 1111111 11111111, 1111 111 111111 9111111
1111 1111111 1111 1111111111 1111111111, 11 1111111111111111111 1111 111 11111,
1111111111 111 11111111. wit 11111 11111,1111Σ11111 1111111,11111 1111111111.
{lbet 11111, 111 11111 1111 111 111111 1111111111 1111111 1111111 111,111 111111-
1111 11111111 1111111 1111, 11 1111111111 111 1111111111. 11 11111 1111111111

111111 1111111 1111, 11 1111111, 111 1111111 1111111111 ,11111111 111 11111111 111111
11111111111111111111, 111111 111 1111111111 11111111 11111111, 111 1111 11-
111111 1111, 111 11111111 111 111 11111111,1111111111 111111, 11 111111 1111111.
111111111111111111 111111 111111 111111 1’ 111111 111 1111, 111 111 1111111 11111111
11111111111,111 1111111 1111 11111, 111 111 111 111 1111111111 9111111111 111

1111111111111111111111111111111, 1111111 111 111 11111111 1111111111 1111111 1111
11111111 11 1111 11 1111 1111111111, 111 1111 1111 1111 111 11111, 1111 11111
11111111 11111 1111111111 11111 111 11111111 1111111111, 111 1111 111 1111111,
1111111111111111111111111, 1111 111111, 1111111111, 111 1111111 111111111
111111111111111111111111 1111111111 1111111111 1111111, 111 111 111111111111111

11111111111111111111111111, 11111111 111111 111 111 ’1111111111 11111 11111111

,111111111111111111111111111111111, 1111 11 111 111 11111111 11111111, 111

131111111111. ²²· 1111 puto Friburgi. ²⁸ 111111111] 1111111111. 1111111111.
⁴¹ 111 111 1111111111 111. ⁴³ 1111111111 == Qut11=0tbiem boves 111 praesepe.

 

