11. 1111111 1111111. 111111111111111111,11111.) ’1111111111 111111. 31

narn, et 11111111 insipidum 11111, 11 11111111 bibens iaclnyrnainr 11111111 ,
clamans 11 (1111111111 invocans. 11111111 has imprimis 111111 barbariem
nobis irnpniai 11 1111111 1·1111; 1111 1111· 111111111111111111111111111111111111·
11111 salis 11111, ganea* 1111111111 inopia.
⁵ 111111. 81111111(1111111111111111111. w.
nrrrnnvs. 111ιί111111111111111111111111111 111 1111111111111111111111111
11111111111111111111, 11111111111111111111111, 1111111111111111111 111 111 dignus
11111 11111111· 1111111
11111111. 13111111 1111111111.
¹⁸ 1111111111. 11111111 111 11111111 1111 111111111111111
11111111. 1111 11111111111111, 111111111111, 111111111111111111111 111111111111
11111111 1111 nuper 111111 1111111, 1111111 11111 1111111111 1111111111 (111-(11111111,
perreliqua 1111111 1111 11111111111111111111111, cuius ego 11111111 1111111111
111111 1 1111111111 1111111111111111111 1111111
11 1111111111. 11111111111111111 1111, inquam, magnificus, 1111 reverendissim.

ι 11111111111111111111111, 111111 111111111111111, 111 1111111111 1111111.
(131111111311111111111111111111111111111111. 111 1111111111 1111111
1111111111,11111111111111111111111111111111111 311111,,1,11““
11111, 11 111 11 1111 ζ1111111111 1111 111111 111 11111111 1111111,1111111111
101111111ῑί1, 111 11111 1111111 1111111 'n‘ 111 1111111111 111111
§cn 3111111 1111111 11111111111111111111. ’ is,
11111119111111111 111111111111111 111111 1111111111 nnn 1 11111111 11111
’ 1111111111111111111111111111,111111111 1111111111111,1111111111,111
111111111111111 1111111111 11111 1111111111 11111111 1111
²⁵ jib. 3111111111111111111. Ι’ῗ1
111111111111111 11111 11 1111111 1111
3111. 9111111 111111, 1111, 1111111111 111 111 1111111111ηὲ 13333113,1
11111 1111111111, 1111111111 11 1111111111 11111111 1111 ninid) 11111111111111111111,
11111 111 111111 11111111, 1111111 1111111 11111 111, 1111111 1111111 11111111
311111 1111 1111111111. 1111111111) 111, 111 111111111111111111111 33333333d‘*
11111111 111111 fid) 1111111.
giuti. 111 11 111111111 1111 11111. {idi 111 111111111111111 1111111111.

111111111. 12. 1011111111] (fornicamur 1011111111111111111, 1111111 (111111.
imin-212. ⁸qnatn0r 7. 12. ⁴gnnee m. 7111111111111, 2. congrrnnirni
11111111.11(11Ῑ.1111111 §.7:3. 11111112. 1111111111 «19. 11111111111111.2.3.5.7.
¹² 11111111]11111111111111. 1111111111 unns 11 XXXI rnins 1111Χ. 1111 l. 111111 n.
11111111111111. 1111111111111111111111111, 1111111111-1111111111 contemptum, pauperin-
111, 11111111 1111111111111111 11 1111111111 1111111111 1111111111111111111111 Italici. ¹³ ⁰0·
quum 12. ¹⁴ 1111111111111.1.12,

¹³iuriinb((⁴0rso) 1111111111 11111311111111111111

 

