nmoovs VOK mmo numan UNI) 81110111 nasso 21· 11011118 (1118131111111111. 607

111111, 1111111 111111 11111 1111111111 1111111111, 11 111111 1111111·
1111111, 1111111111 11111 11111 11111111 11111111 1111 1111, 1111111 11111-
11111 11111111 1111 1111111111, 11 jn 111 111111111111111 11111 11111 111
111111 111.
1 Φ(111111. 111111 1111111, 3111111 11111111111111111 111 1111 11 1111111111.
1 1111111111
Ι 11111, [11 11 1111, 1111 111 11111 11111111,111111111 111 111111 11111111
111111, 11111111111111111, 11111 111 11111111 11111 1111. 111 11111111
111111 111111 111 1111111 1111111111, 1111 1111 1111111111111111111111111, 11111·
111111111111111111, 111 111 11111 111111 111111111111111111. 111111 111111
11111 111111 111 11111111 11111111. 1111111 1111111111111111111, 11 1111111.
,111111111111111111111111111 111111 1111111111 11111 1111 11111, 1111111
1111111111 11111 1111111111, 11 111111111131111111111 1111111111 1111111
1111111111, 111 11 111 1111 1111111111, 11111111 11111 11111111 1111111111
1111111, 11 11111 11111 1111111 111 11111111 111111, 1111111 11111111 11111
11111, 111 1111111111 11111111. Sa 11111111 1111 111 11111111,1111111-1.11
11111 1111111, 1111111 1111111111111111 11111 1111111111 111111111 11111, 11
1111111 1111111111 Ε1111111111 11111111, 111 11111 1111111111 1111111111
1111111 1111111111 111 111 111 11 111 1111111 1111111111 111 1111111 111
1111111111,1111 111. v 11111, 111111 ε11111111111111111111111 11111, 1111
1111 1111 111111111111111, 11 11 111 1111111111 1111 11111 1111 11111-
1111 111 111111111111111.

111111. 11111 1111 111111 1111111 111 ,11111111 1111 1111111111, 11 111111.

1111 111, 11 1111111111 11111111111111111 11111, 111 111111 111 11111111
11» 1111111111 1111 11111111, 111 111111 11111 111111111111 1111, 111 ι11111111 11-
11111111111111,111111 111 1111111111, 111 111 111 1111111111 11111 1111111111
11111111 1111, 1111111 111111 111111111111111111111111 111 111 111 11111,
1111 111111 1111111111 1111111, 11 111 111 111 3111111, 1111111, 111 111-
11111 1111111111 111111111111, 11111 1111111 ju 111111 31111, 11111,
1111111111.

11111 11 111 11111 111 11 11111111 11111, 111 1111111111111111, 1111111111.
9111111 111111 1111111 1111111, 111 111 111 111 111111 11111111, 1111 mit
1111111111111 1111111 1111111 111111, 111 111 111 111 11111111 1111111 111-
1111111, 111 111111 111111111111111111 1111111 11111111111111111 111

15111 1111, 1111111 1111 111 11111 111 1111111111 11111111111111111111111111411.
1111111111, 1111111111, 1111 1111111111 11111111 1111111111 111 11 111, 11·
111111111111111111, 1111 111 1111111111 111 1111111111 111, 111 111111 111111
1111111111 1111 1111 11111111 311 1111. 11111111 111 11111 1111111111111
1111, 111 1111111111 ἒ11111111, 11111111, 11111111 111111111111. Uir 1111-

111111111111111111111 1111111111 111 11111111 11111111 1111111111 11111111 11
111111 111 111 jm 11111, 111 111111 111 111111 11111 1111111111111111
111111, 1111 1111 jtt 11111111 1111111, 111 11111111 1111111, 111 111
111111, 11 11111 111 111111 11111111 1111111111 1111. 81111 1111111 1111111.
111 111111 1111111, 11 1111 111 11111111 111 11111111 11111111 11111111

4111111111.

ί111111. 11111 11 1111111 111111, 111 1111111 1111111111111111111111,
1111111 11 11111 11111111111111 11111111.

11111 1111111 1111111111 1111-111111111111111111 111 11111111111111
1111 1111111, 111 111 1111 111 1111111 111 1111111111 11111111111111111.

113111 11111 111 1111111 11111111 111 11111111 11111111 1111111. 11111 1

 

