426 1111110118 nm. ,111 m'fl'rl nonem! mmm! 1)ss omrv ml! Ρ. Ι.

trine 0111111111111 touchant I'Aulorite' 1111Ρ111111. 1111111111ιὸ 11 ,1111111111111 che:
Bernard en 1117, 111-110,
11111111111111111111111, 1111111111111. historique. A 11111111117511.
sol. 11. p. 11111, 11111111 11111111, 11111111 Ξ. 111111

Ex his exemplis Latinis mihi 1111 11111111111111 1, ’.1,3, 5, 11, 111, 11, 15, 111. quan-5,
111111101111111111111111111 primum eornm, 11111111 ubi variant praeter 111. adnotavi.
Curaei. 111111111111111111 qnondam discipuli, versionem Germanicam 111 Melam-lnthe-
11111111) exemplo eodem fere tempore quo typis id describeretur, 1111111111 esse con-
iectaverim, ut exeunte sexto 11111111 ,1111111111111111 [1111111111. 1111111111 oa 111
111 adnot. designavi) repetere 11

1111111 11111111 11111.

111111 1111 1111 11111111 3¹¹ 1111111 111111111111111111 11111111111111111111 1111 11111
111 1111111111 1111111, 111 111111 1111111111 1111 11111111, 1111 11111111111111111111111111111-
1111111 111111 1111111111 11111 1111111111, 1111 1111111111 11111 1111111111 11111111 111 11-
111111 1111111 1111111111, 111 1111 1111111111 11111 1111111111 111 111111 111111 1111 111111 1111
111111111111111111, 11111111 1111111111 111 1111111 3¹¹ 11111111 111 1111111 11111 11111111 111-
11111 ,111111 1111111111 11111111 111 11111111, 11 111111 1111 11111111 11111Ιί11 111 11111 Spu·
11111 1111111, 111 1111111111 1111111111 11111111, 11111 1111111111 1111111. ,3111111111 1111111,111
11111111 1111111111, 11111 1111 11111111 11111111 1111111 11111111, 1111111111111111111 1111111111.
11111111111111113111111111 111 11111111 1111 11111 1111 11111 11111111 111 11111111 1111111111
1111 1111111111 11111 11111, 1111111111111111111, 111 111111 11111 1111 1111111111111111111111
311111 1111111 111. 11111111111111111 11 1111111111 111111, 1111111111111111111111311111,
1111111111111111111111111111111211111, 11 11111111 111 111 1111 111 1111 111111, 1111
111111 111 1111111 11111111. Julius 1111 11 1111 111 11111 1111 1111111111, 11 1111111111 111
1111111 (11111111, 11111111 11111111. 11111111 1111, 111111 111111 11111, jn 111 1111111111 1111
1111 11 11111111 1111 1111 11111111111111111111111 1111 11111. 11111111 11111111 111 11·
111111111111111111, 1111 1111111111 31¹ 1111111, 111 111 11111111 1111111111111111111111
1111 1111111111 1111111 11111 111 11111111 11111111, 111 111 11111111 1111 111111 1111111111 11111111
11 1111 11111111, 1111 11 111111 111111111111111111111111, 1111111111111111111111111111
1111111111 1111111111 11111111 11111 11111111 1111 1111111111 11111111,111 1111111 1111111 111111-11
1111111111 111 1111111111 (11111 11111111 beu 1111111111 11 111111 11111111 11111 11111111,111
111 1111 1111111111, 111111)11111111 1111111111 11111111, 1111 111 1111111111111 111111311-
11111, 1111111111, 1111111111, 1111111111111111111111 11111111 1111 1111111111, 111811-
111111111 11111111, 111 1511111111111 11111111, 111 ζ11111111 11111 11111111111111, 111 111 11-
111111 11111 11111111, 111 1111111 1111 1111111111 1111 111111 111, 11111111 11111111 1111111- ;1·.
11111111111111111111111, 1111 1111111 1111 11111111 1111111111 1111111111, 1111 1111111 11111111-
11111,111111111 11 11111111 111 1111111111 1111 111111111111111 1111111111 1111 111 1111111 11-
11111) 11111 11111111 11111 111, 1111111 11111111 11111111111111111111 11111111 ῑ1111111111111
1111 11111111 111 11111 111111 mit 1111111111 1111111111 11111111111111 1111111111 1111 1111111111
1111111 1111111111 1111111111, 111 111 1111111111 111111 11111 1111111 1111111, 111 1111111111
11111111, 1111111 11111 111111 11111, 11111111 111 1111111111 1111111111 1111 11111 1111111111
11111111 1111111 111 1111 111111 1111 1111111 1111 1111111111111111111111111111 111111 11111
1111111111 1111 (11111111111111111111111 11111111 11111 11111 1111111111 111 11111 11111 111
111 1111111 1111111111. ο11111111

¹¹ 1111111111 11. 151111111111.11111111 1111111. ¹²³⁸ 3111111111 (1111111111ιί op.
vol. 1. p. 151. vers. 111. ¹¹³ 1111111111 i. e. cum libellus scriberetur, 111111 eum vertere-
tur. *¹ 1111311 astutissimo. ⁴¹ 11111111 111.

————--—-—-· .-

 

