266 ΑΙ) vl. 111111 1111111111. 1111111 11111111111111111011.

1111111111, 111111 111 111111 1111 1111111 [[1,

01111111 111 11111,11111’1ω11 11111 11[1,
,1111111111111111111[111111[1 111 11111 111111 [11111.

βά) 1111, 1111111111, [1111111 1111111 111111 11111 [111111.

11 istun.

(Ῑ)β11111111 11111111 1111111 111 11111111, 1111111111, 11111, 1111 11111. [1]
9111 11111 [1111 1111111 11111111 111 11111, 11111111, 1111, 111 1111111. [111]
1111111111 [11111 11111111 111 1111ω, 11111, 1111111111, 1111 111111 11111. [11. 31]

11111 1111 1111111111 111111111111111111,1111111111, 1111111 ω1111, 111111 [11111. [1]
(5)111111111[11111111 111111 [etiannum 111111111, 111 1111111111, 1111111111. [11] 11
[111111111111111 ω111 111 111111 11111111 111111, 1111111 11111, 1111111111 [111111, 1111

11111111.
1111111111 11111 11111 1111 11111[1111, 1111 1111111, 11111111111111, [1111111111 1111111. [115]
1111 11111 [111111 31⁰1 111111 111111 [111111. 1111111111, 11111 1111, 1111 11111111. [38]
111111111111111111 1111111 11111 1111 111111, 1111111, 11111111, 1111 [11111111. [30] 11
(10)1111111111[1111 1111 1111111 111 111ω, [1111111111 1111111, 1111111 11111111, 1111111111
111111. [11]
1111111111 [111 [ω 1111 1ἷ1 1111, [1[111, 1111111, 11111111 [1111.
11111 11111 [111 nil 11111111, ῑ[11[11111, 1111111111111, 1111 1111111111 1111111.
911111111 111[11[1[111ἰ11 111111 3¹⁰¹ 1111, jaste, (111111, 111 scorpion. 11
11111 [11111 1111 1111111111111111,1[1[111, 1111111111, 11111 1111111111. [111]
(15111111 1111 [11111 11111111 11111, 111111, 1111111111, 1111 11111. ·
1111111111 [1111 11111111 111 111111,1111111, 1111111111, 1111111111111111. [11315]
[1111 11111 11111111111 1111111, 11111111, 11111111 11111111, [1111111111 1111. [1113]
9111 11111 1111111 1111111 1ΐ1 1111, 111111[111,1111[111, 1111 11111111. [13] 11
[1111 11111 [111ῑ11[111[1111 1ἷ1 111111, [1111, 1111111111111, 1111111111111111.
(20) [1111 1111 [111 1111111111 111 11111, 1111111 nula. 1111111 1111111, 1111111 [11111.
[1111 [111111111 111 111111, 81111111, 311111, 11111111 61111111.
1111 1111111 111111111111111111111ΐ111111, 1111111, 11111111, 1111 11111111. [1-1]
11111 [11111111 [1111111111 1111 1111 (11111111, 111 111111, nm 1111111, 111 1111111. [15111
1111111111 111111 111 1111111111 111111, 11111111 1111111, 1111111 1111111, 11111 1111111111. [15]
(11111111 11111 11111111ω1111111111ἷ1 1111, 1111111 11111111, 11111 11111111, 1111 111111. [21]
1111111111 1111 111111 11111111 11111, 1111 1111111, ubst, 1111 11111.
111111111111 11111 111 1111, 11111111, 11111, 1111 11111.
1111111111 111111 111111 31⁰1 111111, 111111, 1111111, malmin. [31] 11
1111111111 [1111 111111 [11111 111 111111,111 1111, 11111, 1111 1111111111111. [311]
(3119111 11111 [1111 1111 111 31⁰1 111ω, 111111, 111111, 1111 [11111111.
,11111111 [1111111 1111111111 1111, 11111111, 11111[1, 1111 1111111. [18]
9111 11111 11111 11111 1111111 111111 31⁰1 1111, 111111, 1111111, 11111 11111111 111 11111.
,11111111 [1111 1111111111 111 1111111 1111 1111ω, 1111111111, [11111, 1111 11111111. [21] w
,11111111 11111111 1111111 11111111, 111111, 1111111, 1111 31111111.

(35))111 [111111 11 1ΐ1 111111, 1111111, wrm, 1111 [1111.
,1111111111 111111 1111111,11111 1111111, 11111 1111ω, 1111111 11111111.

*[1111113’. *111111 3*. ί’1111111111111111111119111. '¹ 111115*.1*.
¹⁸ 611111 Μ’. ’5111111111111111111111111115*.1*. ¹⁸ portio 111 vin θ’. per-
pem. 111111. ”m em] 1111 11111111 111111ᾶῖᾶὶ 1111111111] 11111111111111.
17111111]111111111111111111. 111[111 5*. 7*.1*. Ouum θ’. ⁴¹ 1111111] [111111 5*. 111-
ᾁιθ. 8111111 Μ

2..

 

