634 »mom Pssavnouvwcxlcl.

111. 1111111111. 131 11111111 mid) 11 (11111111 111111111111111111111111111-
11111111111 11111111,111 111 11111 11111 111111111111 11111111 111 111 11111 11·
111, 11111111 1111111 1111 11111 111111 11111111111111111, [11111111 1111111111
1111 1111111111, 111 1111 11111 11111111. 1111111111 [11111111111111111111111111
11111111, 11111111111111111111111 111 111111111111 1111111111, 1111 1111 11111
11111 111 111111 111. 31111111111111111 11111111, 111111 1111111111 111 1111111

1111 11111111.

111· 3111111. 111111 1111111111 111111 11111111 11111 111111. ,11111
11111111 111111 (1111111131111 111 111111 11111 1111 1111111 11111111 111, <aba
11111 111 111111 11111 111) 111 111111111 111 111111, 111 11111 111111. 11

3111111111. ww 11111 11 1111 1111111111 111111, 11 111 111111 11111·
1111111

111. 8111111. 1111111111 111111 1111111 1111111111111111111111111, 11111111
111111 1111 11111111 11111 111111 1111111, 1111 111 1111111 1111111111] 11111111
111111 11111111 111111, 111111111111111 11111 111 11111111111111111, 111 111-,11
1111111111 1111 111) 11111 111111 11111 111 1111111 1111111111 1111111, 11111111
111 ι111111111111111111111 111 11111111111111 111 1111 11111111 11111111 1111111 (111
1111111111 11111) 111, 11111111 1111111, 1111111111 111111) 11111 111111 1111111-
1111111111 11111111 111111, 11111111, 111 1111111111 111 111111,1111111111 111 1111
1111 1111 11111111 1111111111 1111111 3111 131111111111111 111111. 11

3111111111. 11 111 11111 sunt!

1. 13. 3111111111. 11111 11111111111111111 1111111111 1111111111,1111111 1111-
1111 111111111111111111 111. 11111 111, 111 11111 111 1111 111 11111111 1111111
11111111 111 111111 1111111 111111111111111111111 1111111 111 11111111 11111 11· .
111111 111, 1111 [1111111111 11111111111111111 11111 11111, 111111 111 11111111
ε11111111 1111 111 1111, 111111 11111111 1111111111 11 1111, 111111, [1111111111
1111111 1111111111, 1111 1111111111111111 [11111111111111 111 1111, 111
11111111111111111111111111111111 111 1111111111 1111, 11 111111 11111 1111111
11111111111111, 111111 1111 111 11111, 11111111, 11111111, 11111111, 1111111,
111 111111 11111 11111111, 111111 111 111 11111111 11 1111 11111, 11 111111 11110
11111111111111 1111111111 11111 11111111, 11111 111 1111111 111 11111111, 111
111 1111111111 11 11111 111 111111 1111111111111 111 11111 [1111111111 11111-
11111 1111111111111. &urum 111 111111111 11 11111111 1111111111111111 111111
111 111111 111111111111.

——- ---. .—

¹ 111 2...5. ² 1111111111 1111111111 3. 1111111111 1, 1111111111 5. 811111 2..·1.5.
111111. 1111112...5. 4111111113. 1111111 5. 511111111111121.1111111113.
1111111115. 11111111111111...3.1.1111111. 1111111112...5. 1111111111

’ 1111111111111.1111111111. 1111111111. 11111111. 11111111.
1111111211. 11111112. 101111111112.11111113.1. 111111151111113. 11111
11111119. 1111111π111111. 111111 111159. 1111111112.111111113...5. ’1111111
’1.3. 11111115. (1111111π11111111) 11119. 15111111 1. 11111115. 1111111112.
1111111111 3. 1111111111 111111111111115. ¹⁶ 11111111 1. (1111115. 1811111111 m.
11111111111111115. 111111111111115. ”111111111.2.1.5. 111111112.1113.11113.
131111112. vihta 11113. 1111115. 1111113. 171111111111121.1111111114.
1111111115. 11121. 1111112. 2“111]1111.9. 1111111115. [11113. 111-
111112...4. 11111. 1111). 111111. 1111111125. 1111111255. 11111114. 1111117.
²¹ 1111111111121. 1111111111 7. 11111111111111] 11111111, 11111111, 1111111. 1111111111 2...5.
71. 33[1111111111111112. 11111111111111111. 1111111111111111. 111111111111115. [mm.
11111111111111111111111117. 1119. 111111112.3.7.1111111115. 1112,..7.

 

